log_k_s2o4_disp	-0.4987719755907521	-0.16816974704384793	0.022010496734554068	-0.4247673056571283	0.12995200566700715	-0.15752706792678114	-0.14164478490173474	0.6558585181299409	-0.056413167471488355	0.07667570073488862	0.14554832963685793	0.13982209060636006	0.008282113203689719	0.015907464895679613
log_k_s2o4_o2	-0.0005050778435208598	0.0057828486166022555	0.0650462158272476	0.08980370132478299	-0.17541782714102105	-0.14180276346407455	0.07786600206996305	0.12676207844760704	0.9382492796137893	0.18307566274590975	0.02841179559621977	0.004157866512359225	2987125617108745e-21	-0.0025465693684842
log_k_s2o4_fe3	0.1441758130548031	0.04283126977437341	0.07720336529821582	0.08477042251513121	-0.025406838216937993	0.15578359331876102	-0.10981377284498114	0.04773322944668514	-0.04229282193211233	0.19123046965972718	0.38660847589802616	0.1238774241643789	0.8271370271884163	-0.19405069468019415
log_sitefrac	0.5343128864533608	0.2525656792405361	-0.2647495350237819	-0.4758537142963553	-0.27579520027966603	-0.3321717556013994	-0.20114146959651072	0.15460438438191038	-0.04122471619475674	0.0073309022322862695	-0.06657911601751046	-0.2206139269776463	0.09296785805754262	0.19982552868741366
log_k_fe2_o2_fast	-0.1294775503466027	0.05268509660906084	-0.8033522833429861	0.24891818560001905	-0.2714780637747504	0.3459473966828086	0.09790072059420078	0.25519390102166395	-0.0021064975324747563	-0.042696477302856556	0.01932939185839643	0.035856113795664654	-0.018681035440991305	-0.0346493654534982
log_factor_k_fe2_o2_slow	0.011997914400508767	0.020316502594513522	0.23285168981538604	0.21941041028072455	-0.5076277279363693	-0.2898509366886174	0.12107900095298843	0.161834720145114	-0.10380715453217809	-0.5911727075616039	0.3415301558110559	0.14848472920720535	-0.07545968517801763	-0.09943116200113393
log_k_fe2_cr6_fast	0.12948324434362246	0.03378045749477712	-0.2252411062772846	0.5413772896293996	0.4835401922539144	-0.5439139603761957	-0.27859340922157483	0.1695712767816051	-0.024853750531732232	-0.01930277806237815	0.017489604864797354	0.026923375009033794	-0.0008013145379095916	-0.015037361088494797
log_factor_k_fe2_cr6_slow	0.019977143583950547	-0.04056919928623471	0.227239499061561	0.2657895810329997	0.042273613449361445	0.11382456694890858	0.3493227409713031	0.3909202626359655	-0.08304208799204593	-0.034303322905120455	-0.1399926020668014	-0.5327753590286353	0.21487612340542087	0.4779049101069199
log_is2o4	0.24927241858838803	0.07124392073634438	0.13697486018759397	0.12242554166196175	-0.01734801111415709	0.24806043095144203	-0.16943209908986545	0.1454738774679366	-0.08659341216255972	0.3900025272175549	0.6064398538595647	-0.09703689016850259	-0.4879640814607863	0.11152498688155038
log_ifeoh3	0.4725419980239847	0.10915454741511062	0.16277812105014677	-0.05327072820946824	0.27381278921780033	0.36221339748408204	0.07243832850734308	0.443884556481223	0.08867244377796232	-0.2529845778898416	-0.2646954158708909	0.26700916788385903	-0.10222175933866157	-0.3214517354595683
log_q	-0.31600998482939197	0.9389151356527394	0.0998721311799246	0.015422129923975786	0.08362570121164796	0.014418223025054638	0.03405664343099638	0.0014253476906500356	0.0005633613763144564	-0.0006546016790741803	830351324987669e-19	-30458271340831662e-21	-9358027571307054e-22	-5508550201021031e-22
log_aqfrac	-0.15993981915175065	-0.03370684081270511	0.12659767244353187	0.09965188512855092	-0.1525282641586709	0.22295996691573555	-0.6983062953366223	0.040393044480059474	0.08706282495742236	-0.21210786458606465	-0.15693025863256302	-0.48744778479856016	0.0035287405180724632	-0.2650881945285057
log_k_fe2aq_o2	0.00035629626001285443	-0.014958806177815157	-0.16555290005077908	-0.21476606424551112	0.40211593720667776	0.2042222435723204	-0.0837805505601582	-0.18535223565345532	0.26782204486022393	-0.5563833487327967	0.4004713651015644	-0.051045843380268824	0.060169267024753455	0.36547351656721877
log_k_fe2aq_cr6	-0.00030159856667131906	0.013196040988908765	0.13637338615928757	0.1730086719451465	-0.20351507011561845	0.15369034251006608	-0.4095193270020407	0.022963012878839603	-0.007314504494197671	0.02163460362869803	-0.2536767369851844	0.5362718260075405	0.05221265118762568	0.6023591209306501
